JOESPIZZAJOESPIZQA
18 54
8 7
1 3 7 8 4 2 9 5 6 JEZQSOAPI
 0 0 0 | 0 0 0 | 4 2 0
 0 0 0 | 0 5 0 | 0 7 0
 0 0 0 | 7 0 4 | 0 0 8
-------|-------|-------
 0 0 0 | 3 0 0 | 0 0 0
 0 0 4 | 6 7 0 | 0 8 0
 1 3 0 | 0 0 0 | 0 5 6
-------|-------|-------
 0 0 3 | 1 6 0 | 0 0 0
 0 0 6 | 0 0 8 | 7 0 0
 0 0 1 | 4 0 0 | 2 0 0

 0 0 0 | 0 0 0 | 0 0 0
 0 0 0 | 0 0 0 | 0 0 0
 0 0 0 | 0 0 0 | 0 0 0
-------|-------|-------
 0 0 0 | 0 0 0 | 0 0 0
 0 0 0 | 0 0 0 | 0 0 0
 1 1 1 | 1 1 1 | 1 0 1
-------|-------|-------
 0 0 0 | 0 0 0 | 0 1 0
 0 0 0 | 0 0 0 | 0 0 0
 0 0 0 | 0 0 0 | 0 0 0

 3 7 5 | 9 8 6 | 4 2 1
 4 1 8 | 2 5 3 | 6 7 9
 6 2 9 | 7 1 4 | 5 3 8
-------|-------|-------
 8 6 2 | 3 9 5 | 1 4 7
 5 9 4 | 6 7 1 | 3 8 2
 1 3 7 | 8 4 2 | 9 5 6
-------|-------|-------
 2 5 3 | 1 6 7 | 8 9 4
 9 4 6 | 5 2 8 | 7 1 3
 7 8 1 | 4 3 9 | 2 6 5

